 0 -57.27 1.9222 0.177815757518526 207
 0 -54.75 1.8745 0.176400588206090 100
 0 -53.51 1.9018 0.17796908631357 109
 0 -49.01 1.9966 0.199663415789281 94
 1 -44.46 1.9811 0.297961255874914 168
 1 -43.15 2.0369 0.288788201928314 169
 1 -42.53 1.9829 0.283216005204841 189
 1 -36 1.9603 0.212679887587155 166
 1 -35.78 1.9337 0.213380742421369 179
 1 -35.4 1.9969 0.215643310170791 174
 1 -35.18 1.9901 0.217572253782314 178
 1 -34.81 2.0062 0.221703132528723 183
 2 -34.64 1.9771 0.251069859793395 156
 1 -34.36 2.0126 0.227638400149319 155
 2 -34.29 1.9863 0.249320104137374 153
 1 -34.1 2.0219 0.231336658937629 141
 2 -33.77 1.8945 0.247368274402792 153
 2 -33.02 2.0201 0.247783508924842 153
 2 -32.71 2.0688 0.249517218776500 200
 2 -30.49 1.9521 0.267788538558048 164
 2 -30.2 2.1282 0.26667735984751 165
 2 -29.86 2.0496 0.26333716968689 134
 2 -29.74 2.0283 0.261657998782355 164
 2 -29.31 1.9789 0.253978331116877 129
 2 -28.56 2.138 0.238304636358462 131
 2 -28.19 2.162 0.231637642622578 128
 2 -26.75 2.1629 0.223266167744109 136
 2 -26.53 2.1436 0.224973878376611 131
 2 -26.14 2.164 0.229798304364898 131
 2 -25.6 2.0469 0.237883241262439 142
 2 -25.13 1.9955 0.242431138845864 199
 2 -24.75 2.2484 0.241646599443712 200
 2 -24.74 2.2681 0.241554817886305 128
 0 -24.67 2.1857 0.230279281093145 45
 2 -24.56 2.1833 0.239229711076715 200
 0 -24.25 2.3522 0.222755860718724 32
 2 -23.88 2.069 0.220545922386118 200
 0 -23.82 2.0333 0.214820519813731 137
 3 -23.4 2.0657 0.215327666500516 44
 0 -22.67 1.9595 0.192532087614143 66
 3 -22.38 2.089 0.202967227628874 42
 2 -22.23 2.0052 0.158337703350892 200
 0 -21.59 2.1211 0.170919061394312 56
 2 -21.49 2.0883 0.144363285559429 200
 2 -20.85 2.0052 0.143892750054532 200
 2 -20.75 2.0167 0.144876746140446 200
 0 -20.71 1.9684 0.154106834870667 91
 2 -20.49 2.1227 0.148806203307049 200
 2 -20.36 1.8937 0.151481806714106 200
 3 -20.33 1.9765 0.183402440706277 70
 2 -20.26 1.8761 0.153839461949132 400
 0 -19.97 1.9896 0.141570833202058 47
 2 -19.96 1.9171 0.16222917254699 200
 3 -19.72 2.0742 0.179318087496599 68
 2 -19.7 1.8682 0.170607662192231 200
 2 -19.48 2.0249 0.177996889231192 200
 2 -19.2 2.1705 0.187073858365820 200
 2 -18.89 2.1866 0.195719736047926 200
 3 -18.8899 1.9676 0.175017175740743 43
 4 -18.88 1.9185 0.297802726930217 28
 0 -18.54 1.8953 0.124173778628016 50
 2 -18.42 2.1619 0.204087266216802 200
 3 -17.89 2.0585 0.171432904931716 31
 2 -17.83 1.8751 0.204846192320048 200
 2 -17.78 2.021 0.204437596647475 200
 2 -17.72 1.9299 0.203860205286348 200
 2 -17.61 1.9586 0.202574886472902 200
 2 -17.42 1.9565 0.199779133050300 200
 3 -17.06 1.9425 0.169593185927894 31
 2 -16.83 2.0291 0.188648281278803 200
 3 -16.23 1.8978 0.168789239229264 64
 5 -16 1.9343 0.162318907234092 135
 0 -15.57 1.8731 0.124751113527760 55
 3 -15.21 1.9975 0.169342930385285 17
 5 -15 1.9288 0.182793374918106 114
 0 -14.6 2.0362 0.137639615519205 15
 3 -14.38 2.0512 0.171041038064692 24
 0 -14.13 1.9523 0.146370383185007 15
 0 -14.1 1.8852 0.146977949856752 20
 5 -13.95 1.9093 0.206796454886729 148
 0 -13.69 1.9587 0.155781850182030 32
 3 -13.55 1.9581 0.173620417522667 42
 5 -13.04 1.9556 0.227810374424837 121
 0 -12.72 2.0591 0.178170213609164 143
 3 -12.71 2.0022 0.176659441097344 14
 3 -12.3 1.9785 0.178118440120787 60
 4 -12.08 2.1215 0.215834134216495 15
 5 -12 1.7363 0.247295972071955 119
 3 -11.74 1.9409 0.179910234657442 32
 0 -11.36 1.9338 0.199871524725329 104
 3 -11.07 1.9274 0.181517867794628 77
 5 -11 1.8381 0.257243791087858 111
 0 -10.78 1.8793 0.200384794864089 26
 3 -10.51 1.9704 0.182211886519459 26
 5 -10.2 1.8561 0.258991100911680 108
 0 -10.04 1.9702 0.191539882584667 173
 3 -10 1.935 0.182182840568344 37
 4 -9.9999 1.9864 0.147419384952986 118
 5 -9.99 1.5504 0.258781765527363 141
 3 -9.95 1.9627 0.182141613591381 36
 0 -9.81 1.8768 0.186865092582735 56
 5 -9.8 1.6399 0.258412718295438 117
 3 -9.7999 1.7986 0.181974040124736 32
 4 -9.7998 2.1147 0.145802774638539 128
 3 -9.61 1.797 0.181665786687304 66
 5 -9.6 1.7819 0.257849838046322 109
 4 -9.5999 2.0269 0.144606684808731 122
 3 -9.41 1.8932 0.181222514695017 48
 5 -9.4 1.7444 0.257097859366269 129
 4 -9.3999 1.9413 0.143049941856694 133
 0 -9.26 1.9076 0.173066673280147 168
 4 -9.2 1.9851 0.140553970746069 124
 5 -9.19 1.7763 0.256070701883100 138
 3 -9.1899 1.8323 0.180592833619969 25
 0 -9.03 1.8667 0.166608166742564 37
 3 -9.01 1.8448 0.179968507105156 43
 5 -9 1.7815 0.254885376456702 147
 4 -8.9999 1.9708 0.136665471928080 121
 5 -8.8 1.8317 0.253315909325354 174
 3 -8.7999 1.8704 0.179117626486275 60
 4 -8.7998 2.0183 0.130971767576433 115
 0 -8.79 1.9853 0.159696890668844 81
 0 -8.62 1.9073 0.154795163182635 35
 5 -8.6 1.7744 0.251353186402609 171
 3 -8.5999 1.9555 0.178191036837704 42
 4 -8.5998 1.9905 0.123373067455798 116
 3 -8.41 1.8728 0.177212587116078 56
 0 -8.4 1.9413 0.148557382663790 71
 5 -8.3999 1.7512 0.248938057018304 178
 4 -8.3998 1.9767 0.114512483476576 116
 0 -8.22 1.9418 0.143619918447425 70
 5 -8.2 1.7628 0.246033250459256 152
 3 -8.1999 1.8384 0.176027533177899 48
 4 -8.1998 2.0051 0.105751351925508 112
 5 -8.18 1.7024 0.245714671134837 166
 0 -8.04 1.971 0.13889349624094 32
 0 -8.02 1.9514 0.138383519143843 39
 3 -8.01 1.8429 0.174873442112939 48
 4 -8 2.0426 0.0985222227725875 107
 3 -7.89 1.8844 0.174108054756487 48
 3 -7.82 1.8949 0.173649895143708 68
 0 -7.8 1.9364 0.132999445206281 22
 5 -7.7999 1.7608 0.238733044048802 177
 4 -7.7998 2.0216 0.0936164795295078 102
 5 -7.65 1.7846 0.235535388063579 149
 3 -7.59 1.8658 0.17209109155822 31
 4 -7.5899 2.0094 0.0909701911874136 112
 5 -7.58 1.7681 0.233967475853430 173
 0 -7.56 1.9529 0.127644340611795 21
 0 -7.45 1.9489 0.125385931301311 14
 5 -7.4 1.816 0.229754093241013 180
 3 -7.3999 1.905 0.170750437850775 26
 4 -7.3998 1.9924 0.0902386314381727 132
 3 -7.32 1.9024 0.170175355794786 21
 5 -7.2 1.7606 0.224851502891245 146
 3 -7.1999 1.8707 0.169300002227453 18
 4 -7.1998 2.0274 0.0904794700704609 115
 4 -7.12 2.0228 0.0907294894613765 13
 5 -7.02 1.817 0.220341954087409 122
 4 -7 2.0275 0.0911874950025928 115
 0 -6.99 1.9927 0.117351810816261 37
 5 -6.81 1.9292 0.215092634220673 80
 3 -6.8099 1.8922 0.166387080054651 27
 4 -6.79 1.9891 0.0921277179931703 105
 5 -6.64 1.9943 0.210941967516338 85
 0 -6.6 2.1477 0.112373774257726 4
 4 -6.5999 2.0308 0.09305605435957 100
 3 -6.59 1.9195 0.164711978392035 12
 5 -6.42 1.963 0.205810048524950 97
 3 -6.41 1.9755 0.163330381838628 2
 0 -6.4 2.2251 0.110480332485051 5
 5 -6.25 1.8845 0.202091366795943 111
 3 -6.2 2.1519 0.161710930266265 3
 5 -6.06 2.0793 0.198236565114807 64
 0 -5.98 2.2204 0.107936448133455 5
 0 -5.88 2.1796 0.107611111979961 107
 5 -5.85 1.9859 0.194376905878866 66
 0 -5.83 2.1486 0.107488243672499 21
 3 -5.8299 2.1129 0.158845574323116 4
 3 -5.81 2.2165 0.158691272653642 5
 5 -5.65 1.9777 0.191103256383991 25
 0 -5.6 2.1478 0.107255375892631 9
 5 -5.44 1.7777 0.188081245068237 92
 5 -5.23 1.8254 0.185463325285956 60
 5 -5.02 1.8481 0.18321961792896 92
 0 -4.98 2.1679 0.109127832078575 1
 5 -4.82 1.9386 0.181400412429527 50
 0 -4.8 2.1043 0.110290619526331 2
 5 -4.61 1.8402 0.179792614592731 68
 0 -4.59 1.9959 0.111969191592165 4
 5 -4.41 1.9829 0.178522645306088 30
 3 -4.39 1.5872 0.147698293477556 1
 4 -4.36 1.6845 0.104857498923586 1
 0 -4.2 2.2039 0.115940868314038 1
 5 -4.1999 1.9642 0.177437921902607 39
 3 -4.19 2.2203 0.146161764179433 1
 5 -4.01 2.018 0.176658228249722 166
 0 -4 2.1282 0.118373610139655 7
 3 -3.83 2.1587 0.143409574924445 2
 0 -3.65 2.3477 0.123210496704885 5
 5 -2.97 2.2534 0.175045410546402 100
 3 -2.61 2.15 0.134297102593639 6
 0 -2.3 2.0313 0.147533178798704 7
 5 -2.01 2.2658 0.175924122504062 120
 3 -1.7 2.1905 0.127838929790164 1
